-9.097934482327822980e-01 1.163172535534897856e+00 -1.522226336348524167e-01 1.214419147360424001e+00 2.882953492415095131e-01 -9.040779650948944646e-01 1.634845671782095555e-01 -5.780806395888372640e-01 -2.230895401272218859e+00 -3.180711611851043119e-01
9.092338909108917955e-01 -1.782610724248067657e-01 1.597278228534565248e+00 -8.416165484638418182e-01 8.014537540805062310e-01 1.197695317163704587e+00 -4.594405346302275761e-02 -2.151466444413772106e-01 1.140993016258946113e+00 1.828517817305006066e+00
-1.028219759408762757e+00 2.787053112196367054e-03 -9.605407493416167064e-01 2.650609260422633895e-01 -4.328752302657551398e-01 -6.992415415131809642e-01 -6.738842425123497959e-01 8.518198111627024449e-01 -2.579903500645528563e-02 -1.088943430122173206e+00
3.977689046830193420e-02 1.049612012843806896e+00 5.427602001425947398e-01 3.434419806120204144e-01 -2.103576334235902845e+00 9.593840423556636576e-01 1.311068312542820191e+00 1.901151702951592082e+00 -1.054862659000374681e+00 -1.015418121246701721e+00
-1.046208238489474418e+00 -1.664497258979654060e+00 1.198609473301748718e+00 3.142356652539015638e-01 -9.009368172730831681e-01 -7.152826648941014165e-01 -2.999516592823440742e-01 2.197079826755452270e-01 -1.533519362016471765e+00 1.622656028312204457e+00
-2.331779413723048755e+00 5.774796035071220190e-01 -4.375784775459674036e-01 -1.317078546819800300e+00 -1.323226608271667049e+00 6.603148974518832093e-01 1.370220272848537757e+00 2.536785001097510595e+00 1.160948932201188999e+00 -8.549808782325064582e-01
8.002811243977090427e-01 -1.673828105748999207e+00 4.768195658272582071e-01 -3.275827938431730701e-01 8.622726539091131182e-01 1.158413759711311775e+00 -4.617146553921024077e-02 3.151107256155260550e-01 1.175171621351180473e+00 9.237798958627669865e-01
-7.061055712591931544e-01 1.175846010304767569e-01 -5.830703282428126855e-01 -7.621299356986829254e-01 -1.195880070658975836e+00 1.385949271488791767e+00 -2.519409068545413355e+00 6.799608531638671183e-01 -8.115393250179203655e-01 7.820821347639870247e-01
-2.490537704215708192e+00 2.750962566099997564e-01 1.523567904363800407e+00 -1.058845502137171435e+00 1.878674022845322478e+00 9.628018913224547504e-01 5.293234643322931587e-01 8.781248617675033730e-01 3.940818152088571558e-01 6.767290483664197831e-01
-3.162556531793489500e-01 -9.361247858018336698e-01 6.854380741160844837e-01 -1.924811565525216539e-01 -6.205721516074039767e-01 -4.639979582249981194e-01 8.611388872515102211e-01 -7.878569890667392883e-01 7.495068872009612582e-01 6.829665451379786367e-02
-6.133750951881890012e-01 4.130441995730280702e-01 1.066790889469349191e+00 -5.421194019342103765e-01 4.260040927911331599e-01 -6.780659876216198478e-01 1.476283529452502075e+00 2.426450472874922326e+00 1.010729365639248867e+00 4.459855330175486327e-03
-7.964679391428712840e-01 -1.028857791837658908e+00 -8.778059100622943589e-01 -6.257805451550131348e-01 1.773243637741280132e+00 -3.860868497198593485e-01 -1.315590853478003919e-01 9.598278031940838950e-01 1.280078993619928607e-01 -1.718981962316131540e+00
-1.328460299113662257e+00 6.190486532919903251e-01 8.185245321886420733e-01 1.822680565280015430e-01 -5.415464486130369126e-01 7.842828205656225959e-01 9.441499436956697355e-01 1.309288487019666380e+00 -1.698285148138841238e+00 1.913714125842973290e+00
1.955284450694771747e+00 1.155700871346263980e+00 -1.005682415558807746e-01 6.470046450970394769e-01 -2.303197803921359088e-01 2.715476191851969201e+00 -3.872308147487274477e-01 -5.645808768521672905e-01 6.304879530215142802e-01 1.497126161700406799e+00
4.410350737455248082e-01 -1.077544063748166581e+00 -9.759279416051330758e-01 4.678604611197966778e-01 9.071450152052806803e-01 -2.029739025590375334e+00 -5.190175911792981323e-01 -1.078265541519525028e+00 9.818982405697342930e-01 -4.597329261950546253e-01
-2.346597085543617248e-02 -4.103177239618471112e-02 -1.042730707714454308e+00 -2.111572953303539446e+00 3.040291452354869084e-01 -1.855792497764295335e-01 -3.029358772428656921e-01 -1.596686279003301179e+00 -6.936812303442204675e-01 8.191038287918501748e-01
8.346695366959569484e-02 -6.156968712249707432e-01 1.027624647036280647e+00 -1.587819948245364321e+00 1.512062243965869524e+00 -3.036463822320502048e-01 -6.207489245929818100e-01 1.148695286499094026e+00 -3.273113645085041212e-01 2.802770778737527779e-01
-1.057435168563351374e-01 -3.738281921858770812e-02 -5.571151499770115034e-01 7.856157508917331611e-02 -5.245680949011927163e-01 -8.229277832643386303e-02 4.051321937268304030e-01 4.899195474443970855e-01 1.694398929068748005e+00 3.224457773773711788e-01
-5.965265038965288369e-01 2.272619331685046262e+00 -8.884648556091926386e-01 -1.780080147656439404e+00 -4.513378437033720991e-01 1.620349887805057953e+00 1.781773318310919396e-01 5.684811643667838643e-01 -1.939070544136639374e+00 -3.631627747102047499e-01
5.818083893801837547e-01 1.012998502821074398e+00 -1.586104522290228358e+00 -1.029588848704572346e+00 -1.645821925545858821e+00 8.243554319690659105e-01 -4.301412374254601212e-01 1.196046216338612744e+00 -1.653002297257773590e+00 -4.664084287497503034e-01
-5.065227164759703582e-01 -8.946042279332165892e-01 4.966427946772901669e-01 -1.601572004553844242e-01 2.058671299829223589e+00 3.842682297147796411e-01 1.136300889415343018e+00 -1.409399904110460788e+00 -1.269500188300008714e-01 1.047108516700663072e+00
-8.794774865493181215e-01 1.596098353347516485e-01 -3.728237220247878070e-01 -4.364740157981712998e-01 1.569489155292006943e+00 -1.051611613206796747e+00 1.055026103051521558e+00 -1.399084525290261505e+00 2.948904147230172468e-01 1.258701086407847836e+00
1.979895776333067126e-01 1.181532666601970316e+00 -2.240105671086109040e-03 -8.572975285066609663e-01 -4.852258398239014947e-01 -1.482046046028416386e+00 -9.988652039069939592e-02 8.874023749427911723e-02 -1.543962071197342023e-01 -1.340873091113987003e+00
-1.515438371996528311e+00 2.189765009899155013e-01 7.582863739763514577e-01 -1.599015198100588675e+00 -5.723130418679602816e-01 1.566003750609073375e+00 9.478396032706495333e-01 -1.058787077352702832e+00 7.556731716194300397e-01 -1.267556280046475026e+00
1.062402717868062396e+00 5.930008713727162872e-01 3.966662248553138453e-02 -2.929161734819394902e-01 1.231128503763431054e-01 9.208597368072932721e-01 -1.037030252920687623e+00 9.866582937127044151e-02 -3.981265380833447498e-01 6.474038812338470117e-02
5.738971187425110365e-01 -7.867048642683988069e-01 8.367797522795396015e-01 -8.344321039804830642e-01 -5.136107493338992747e-01 -9.087110311374456684e-01 4.843434170658768023e-01 2.040418589583448572e+00 -6.853432307744435903e-01 -6.476074883462147325e-01
4.180295573109238383e-02 -3.648443250657677495e-01 -1.082922114655568563e-01 -4.015107669942129531e-01 3.041577105805809769e-02 4.893507728385280697e-01 6.826143682524959955e-01 -4.397508642435436488e-01 -2.746513893111827698e-01 3.573146466557527989e-03
5.701989391321892198e-01 -9.877950754399925648e-01 -4.375511663722240208e-01 3.618278242064557060e-01 6.130563049006030329e-01 2.299510498279485893e-01 -1.345729476359704968e+00 -8.895287598888127478e-01 -9.077014721663546615e-01 -3.988186246342221297e-01
6.330800257630320171e-01 4.391216220871962395e-01 1.163871900395805570e+00 -5.282651538975517980e-01 1.774117336718497237e-02 -1.878661283742562915e+00 -1.557716835446084080e-01 8.494980674207933680e-01 -1.925889342608011756e-01 2.667338864498565165e-01
-6.375265155977963838e-01 2.089399922573256685e+00 7.897796759380926179e-01 -1.424681161370616955e+00 -2.882554703475415536e+00 -1.557390340155879738e+00 5.508418227258676803e-01 -1.808754112400098535e+00 1.641785331163003070e+00 -2.135356606298486337e-01
-1.986138965592087802e+00 5.315113131592854590e-01 -5.127151266494128778e-01 3.612773355831981892e-01 7.795630887203438553e-01 -6.411820672334745952e-01 -1.175085242216585002e-01 -1.969086129114652750e-01 3.454238683081611305e-01 -4.151659156866924216e-01
-5.921792174109279383e-01 9.400173188965341153e-02 1.197104587283971844e+00 7.505288542483123937e-01 -1.420098015275826464e+00 -6.189305561601183836e-01 5.297202985403232089e-03 -6.370897388883921542e-01 8.984782795253662968e-01 1.525513580938483715e-01
1.221422964055157045e+00 1.381141591578787686e+00 -5.047533455690939030e-01 -1.297630969595214567e-01 1.309845952629820953e+00 1.118201375537593689e+00 5.938494977327487406e-02 -1.090055808900223910e+00 -1.063279151933498090e+00 -6.183302852073387923e-01
1.018586391546703274e+00 8.031444625200698795e-01 -2.030542246365266701e-01 4.173608810671509128e-01 1.519235526660130287e+00 -8.001738249264294112e-01 -1.080101871996364260e-01 -1.069292671702816167e+00 -9.099905123988252242e-01 5.048632153343997064e-01
3.150282963863648700e-02 -6.053599253629425858e-01 -6.144166870884673060e-01 -7.492738095430308276e-03 8.888493889397459935e-02 6.736962709280986950e-01 4.058038964103155011e-01 2.319118799765777506e-01 -1.381584820279649461e+00 1.347215134096122036e+00
1.300171781682396999e+00 3.527278739678895159e-01 -9.142662822860867511e-01 -9.005166833013440453e-01 -7.989245308328708495e-01 -2.785823843879292605e-01 -9.740137885896120451e-02 -6.208716776872678089e-01 1.861908296483210656e-01 1.028109070603390407e+00
-1.809704155334086739e-01 1.053627428916680042e+00 7.491605322011748135e-03 -1.219317653069034613e+00 1.190658625586152652e+00 8.696761547504711087e-02 1.664899900195944138e-01 1.603254881082661065e-01 2.848871532005655682e-01 1.592274299468978027e+00
4.180013731509596431e-02 1.114775830967212444e+00 -1.266256333707530102e+00 2.517423431300389591e-01 -6.889629117582342088e-01 -3.010904261296877271e-01 -9.661933667381435165e-02 -5.362114740359337217e-01 -1.756399059144993613e+00 -1.875629861813230326e+00
5.036809103677841737e-01 3.123760141923603295e-01 2.027185761146417242e+00 -1.494017553339738180e-01 -8.907635093303558627e-01 -9.912795697910793402e-01 -1.490315167108405614e+00 -2.257835283613138344e+00 -3.134858344399606422e-01 6.219880008575086050e-01
1.394579913700922935e+00 8.311044161860781099e-01 -3.307546168204856252e-01 -2.966421898063756335e-01 4.864945672380994734e-01 2.494568573314619175e-02 -1.650458000202446041e-01 9.297161061783916214e-01 -8.700376275983513485e-01 -3.833262830355314010e-01
-1.095916340351468010e+00 -1.864939604797198891e-01 1.226124950503954397e-01 -5.346525499212814170e-01 8.951710244614773382e-01 1.124318178402970547e+00 -5.687204469763471604e-01 -9.800059640418408158e-01 1.038329144950842720e+00 -2.381174515185106699e+00
-7.445654785703759160e-01 -3.854025398176187389e-01 -6.307659708977993995e-01 3.285670148211566888e-01 -4.582987798292890158e-01 -4.468625903514173436e-01 -2.153880123981533334e-01 7.432223568647124967e-01 -8.405110504835878737e-01 5.854153125988204032e-01
2.491309766874269194e+00 -4.236912942042175834e-01 -1.286467479982541740e+00 1.120940587938744848e+00 1.688571726276460461e-01 -5.709948258736911031e-01 7.152718404019280385e-01 -9.814852625388198470e-02 -2.601583577486651366e-01 9.187734526979348670e-01
-9.411085149870523914e-01 2.336163100785343116e-01 1.155933401576057368e-01 9.651512696545850867e-01 -4.545252576717860316e-01 -1.304020238285794921e-02 -2.212107748379543271e+00 6.499636643046933226e-01 -1.154141562586097347e+00 -2.332570240462416233e+00
4.184530053905573532e-01 3.054684663016376048e-02 3.458583564293680745e-01 -2.108079028421857348e+00 -5.518047429802456216e-01 -3.276664434895366074e-01 1.521995588294179802e+00 9.567633818337542007e-01 4.386916260365647524e-01 6.342148584877564943e-01
-6.178871236350187424e-01 -4.524491041297260679e-02 1.408795579944415177e-01 1.413614035436819183e+00 -4.997264461970057914e-01 5.662279484712030159e-02 8.776359891493464849e-01 -7.526151362381238163e-01 -3.240497092342564667e-01 1.595786611334074179e+00
9.028722949610715198e-02 -2.486841978102419526e-01 7.086672511966012333e-01 6.447049006594705034e-01 2.302668315525276399e-01 3.615305146743401088e-01 -1.108569315477948347e+00 -6.871067824621620579e-01 2.223946629064379663e-02 2.131943631444523035e+00
-3.229081039208691051e-01 -9.844234324610529052e-01 5.586426904006110833e-02 3.511818876066366557e-01 3.559987441075676551e-01 1.859623222396516562e+00 -9.842060143194304445e-01 -5.880443370446362256e-02 1.877692842258169015e-01 -1.523810993867345254e-01
-1.341760801709573903e+00 -3.122816585660345701e-01 9.937226611726888148e-01 -5.587955266808907195e-01 2.477237546419810421e-01 1.795160627236589701e-01 -1.107273577356968852e+00 8.510070059936781783e-01 -1.337447150593331857e+00 -2.927781593768216672e-01
2.968589092349719349e-01 3.395699934984738322e-01 9.499540516766261655e-01 -1.124414880790142846e+00 5.802149628111372692e-01 -1.131790268899304230e+00 1.402510163432211021e+00 2.954919203402912586e-01 7.917198816305677234e-01 1.155740429611475717e+00
-1.966829008739785722e+00 1.400100772546887695e+00 1.403694110959395003e+00 -3.723781379518414369e-01 -4.106859168418187656e-01 -1.591838292030138824e+00 6.528311054209430253e-01 -3.490874441505846248e-01 -1.177088513246280943e+00 1.037701328016145119e+00
2.861196095488352520e-01 1.391061402050122464e-01 -1.788746129092529724e+00 -8.400246402536698520e-01 -3.175398073315394698e-01 3.341773194548035980e-02 -3.709301869049143052e-01 7.481324566263553022e-01 9.663914522145572450e-03 2.968800505158813996e-01
5.998972785475954472e-01 2.367128925477393342e-01 -9.817238000930873509e-01 8.199699640469070017e-02 3.957438545566508425e-01 1.121042789187110866e+00 1.041879767776248356e+00 -3.025617912483066774e-01 -1.181711153937482273e+00 4.469145283768842791e-01
5.080525609928291386e-01 1.387281038269441158e+00 2.808039484725858848e-01 -1.253173850728595218e+00 -1.050586502568461755e+00 -7.377711783289310210e-01 -2.273898055748773128e-01 1.269253514248034120e+00 -2.285761879305451938e+00 2.884834759312542296e-01
-1.102957784519977613e+00 2.046707408345624646e-01 -6.276786871521053968e-01 1.352398665985209858e+00 -1.334950285091673683e+00 -4.760345778099971392e-01 -3.808425412775301999e-01 -2.013825812300130913e+00 4.330691531000424588e-01 -1.352864450078870462e+00
-7.844112431494277837e-01 -1.841595092887122476e-01 1.383475853904997166e+00 -8.897969827310314717e-01 1.436252132251907287e+00 -5.625511372166067670e-01 -3.859378903311551090e-01 -1.387291376829794309e+00 -7.591110180727279610e-01 7.560966299569862326e-01
5.821509900160896089e-01 -8.274895854486397084e-01 -1.672500643245057983e+00 -2.507991301682703858e-02 -2.989402217432171494e+00 -3.828092570823209417e+00 -1.526502091362381242e+00 9.655803569028619249e-01 -1.160828368414356798e-01 -2.151229383299003983e-01
-1.752079250660004694e+00 -1.242982581255540897e-01 6.150841280408285705e-01 1.066559349921575167e-01 8.290620883627544124e-01 2.138921158531243982e+00 -1.046857748889905709e-01 1.931534574761520462e+00 -1.216300386092057817e+00 3.323072694782436276e-01
4.170377857409809930e-01 7.483711987115264641e-01 -2.090017486194452323e-01 -1.899837963927397233e+00 5.909755678488952668e-01 -1.548120350210389073e+00 -3.881687929694173644e-01 5.058559992018868412e-01 -8.840229992676232884e-01 1.811755698295419159e-01
7.141116989810317728e-01 1.739629845318923229e-01 -1.779901768039485299e+00 -1.338258898545291009e+00 -1.191559969320809209e+00 -1.877300707378257161e-01 5.133236612797755782e-01 1.569338020134803183e-02 -5.916535005922186619e-01 6.842761276929858472e-01
-4.208728930771916676e-01 7.741012775346329811e-01 -7.524829549845161170e-01 3.304126058337534394e-02 4.843133389650432497e-01 1.326015362750376569e+00 -4.191763129380522979e-01 -2.175142236257359696e-01 -1.246064121400172614e-01 -7.170118055138712254e-01
-6.176437049237696320e-01 1.202894868511531934e+00 -7.666430685697974701e-01 -6.235137562825472379e-01 1.091513501423383214e+00 1.376029717987848899e-01 8.844215633608258909e-01 -1.115150438213017736e+00 -7.216259726844830302e-01 -1.069572545089976234e+00
4.869583918989451310e-01 1.623678156051638677e+00 6.732817610216182969e-01 7.069750492683198884e-01 2.389377525052895079e-01 6.353565719373320819e-01 7.245891488251423596e-01 1.110993523881520062e+00 -2.152980541889117638e-01 1.488866509235815816e-01
9.914887696469703027e-01 9.773484063050670301e-01 2.110710145280839001e+00 -2.226261197576607564e+00 -5.590280622191349247e-01 2.686589009984108323e-01 -1.109881938786963174e+00 1.909010610462766877e+00 -8.006109526297798817e-01 8.779108231417248956e-03
1.116357240456417488e+00 -6.001892855546314687e-01 1.505957927832188625e+00 2.651475701968942111e+00 -2.904878474032758159e-02 -8.452686344537650633e-04 -6.341899841007959671e-01 2.819068861282550964e-01 -1.245356770510012367e+00 -6.478399579046265622e-01
-7.862338395239751865e-01 3.962817269029506040e-01 6.832297678053719237e-01 -1.208705588919581020e+00 4.255764941277166424e-01 5.109120487154381919e-03 -3.713467049342398796e-01 -8.577977692477916083e-01 5.378347422209801554e-01 -2.293724194144542150e-01
5.649500488399404885e-01 1.585773343366986055e+00 1.726267220383743473e+00 1.109531881457562069e-01 1.624435133161710842e+00 -1.210366132460067440e-01 8.510942793255057426e-01 2.661959516378726853e+00 -2.336068669292390987e-01 -1.172894362251310607e+00
3.327472121153975948e+00 -5.166114701802423381e-01 8.506631981979922985e-01 2.152852685137043309e+00 8.004481031771384369e-01 -1.051457153618682971e+00 -9.895623900798014017e-01 2.521399028513207630e-01 -2.048404205966498193e+00 -1.084727986399568467e+00
-1.250510399351091317e+00 -2.991059992278692903e-01 5.111681022266648666e-01 -3.552120921171625367e-01 -1.232419686014236265e-01 3.035825929417111935e-01 -4.911108066832423624e-01 -1.722153897776533271e-01 -3.651147904703822000e-01 -1.007015041614322426e+00
8.598687328016966225e-01 -9.249950504484990566e-01 -7.307377408911206462e-01 -9.228441435664336279e-01 4.808905390315286639e-03 -5.924137355081041667e-01 -1.901725338240075391e+00 2.329802425979978775e+00 -1.117928871201562924e+00 2.147871377542655003e-01
-3.997185493201556028e-01 4.798617404622387839e-01 -5.784817953438888827e-01 -2.629979161518373743e-01 1.338177435257067727e-01 -3.304988301376725612e-01 3.809494125620712657e-01 1.462796563784094506e+00 -5.555989636796103415e-02 1.418063575087062100e-01
-6.463437346119151883e-01 -6.378867953367610422e-02 1.523625171303719383e-01 7.966812097108872948e-01 9.336806964583065360e-01 1.780327471486188584e-01 6.848084365177399269e-01 1.783727620819102258e-02 1.450812164508986923e-01 7.449810557778556719e-01
-4.552601457690715336e-01 4.106678365939515213e-02 -2.246109545669004726e-02 -6.903388420558217442e-01 5.452621187547318504e-02 6.067149431781334590e-01 2.020650985271350564e+00 7.860790881741928082e-01 -1.770127599535496143e+00 -4.614095724557540912e-01
-6.820408012213367011e-01 3.620328151687356444e-01 -1.890524598687159941e+00 1.690516453537835306e-01 1.885584269776215682e-01 -2.108625145665649292e+00 1.684782946032365447e-01 6.791433280213601265e-01 4.962223287499010760e-01 7.175409239255489124e-01
-2.947886735393456803e-01 1.274075997044755937e+00 7.562249963742665448e-01 1.510759432314629835e+00 -6.820294122070518217e-01 -1.264111009323019896e+00 1.444124679619226415e+00 -3.660399787508373803e-01 -5.145956285914270456e-01 1.531113473104390943e+00
-7.408089314979909856e-01 3.201766077006454325e-01 -1.435226609937623410e+00 -3.602820122793287116e-01 1.493623001637457148e-01 2.854069994508099950e-01 1.826377067364015894e-01 -9.551917611496698601e-01 -1.503995024142557480e+00 -3.370223355000627752e-01
1.704160347536909648e-01 -1.160584425804047359e-01 -6.724753419260441900e-01 -1.844247207142460709e+00 4.816238816163260217e-01 1.102485886763959089e+00 -1.487101638930881653e-01 -4.907558811789922149e-01 5.744045627444773761e-01 2.302648315427142378e-01
-9.194831441241809733e-01 7.441885082498597148e-01 -7.796322426549834317e-01 5.653122592554503667e-01 2.817550720788147278e-01 -9.566484797977451437e-01 -8.212943973669274422e-01 1.017334244662856824e+00 3.762334260242870543e-01 2.704011710620761733e-01
-2.907938059248259960e-02 -1.769801758664240610e-01 -4.173080395000114962e-01 -2.673460572954988734e-01 8.090368848745639330e-01 5.919465880551106896e-01 2.398220743649268627e+00 4.042595902562042820e-01 -2.354838415665823637e-01 -2.697249374040771586e-01
5.560776170330024026e-01 3.747862576951312974e-01 3.404283645787045676e-01 9.037174128309912735e-01 6.772328634829548610e-01 -4.938927023300221930e-01 2.234675512864917835e+00 1.432442305482485301e+00 -1.193763025724638105e+00 5.940917175969873121e-01
-1.355397990008586628e+00 -6.902609752892331363e-01 -6.816725381097510361e-01 8.635695103779287285e-01 -6.896498654397485994e-01 -2.087236940373867533e+00 2.770920864324343258e-01 1.399321394909662342e+00 -3.773397300203786831e-01 9.155261956652327449e-01
-6.178686753024710265e-01 3.392314390632440446e-01 1.955453048752610723e+00 6.316264632790508093e-01 2.148137136490688714e-01 2.276426300380430590e+00 5.956023707331846717e-01 1.813756249084625405e-01 1.259641161185985347e-01 -1.770646512459121524e+00
-2.163778089984129405e-01 -1.960461203571133570e-01 1.653435323796125900e+00 3.370307130201131152e-01 1.194664987546307566e+00 6.747054570462989176e-01 1.898608144963138677e+00 -2.874037957287329359e+00 -5.916011446631130877e-02 1.384647905244347665e+00
-1.367492008939880765e+00 8.766220465157081865e-02 -1.414254498102563429e-01 5.230437636383540312e-01 5.838763039859124621e-02 1.631961235577248814e+00 -6.080271165488101426e-01 1.090744164715856446e+00 -1.409265952403980504e-01 9.708056546542448428e-01
-5.618545432742055867e-01 1.142571959235931578e+00 3.418129213890485629e-01 1.147228315725781211e-01 -3.428261094912155027e-01 -1.468509036391224543e-01 6.120653938906435165e-01 -1.239561015629462748e+00 2.678105855402168611e-01 9.566703569597301282e-01
2.030634827542143195e-01 9.775942673366544433e-01 -7.112231535506539082e-01 -1.031560731709286083e+00 1.092944537017459306e+00 4.791060654972668642e-01 3.015628840558598478e-01 1.491777497077120124e-02 4.818450108405815668e-01 -1.600747650358607110e+00
9.771376638238050694e-01 -5.500647965716342486e-02 1.723513454530677169e+00 9.074082262771716589e-01 2.476494777489451349e-01 -9.791448870340767330e-02 -7.521329507725383889e-01 6.862766024710643953e-02 3.627066096594432909e-01 1.647214226258348069e-01
6.319436044772313021e-01 1.401906060957489319e-01 -4.772270221352407638e-01 4.607338085505989500e-02 -9.248147202410390566e-01 2.875205151465434206e-01 6.844002499508200499e-01 -2.490435617821817882e-02 -1.660972087250133233e+00 -3.828695825680733522e-01
1.695631985573421985e-01 -1.720560568787845857e-01 -5.939090982676863417e-01 8.206832602372652330e-01 -6.749577812446768688e-01 1.699708498353759978e-01 2.161329390609434853e+00 -2.496316648065675589e-02 2.189770126410543194e-01 4.101273959360361432e-01
7.631656894661121848e-01 5.966769853440490046e-01 1.476093044558790757e+00 1.536617787709826599e+00 -1.549438663521324200e+00 -3.579335599797090484e-01 2.071131289274555365e-01 -7.723587842334858067e-01 1.573674728712510129e+00 -2.419711563989622727e-01
-5.935084387939778584e-03 -3.395799977688054166e-02 -1.184284826981051975e+00 -7.798652187476823316e-01 1.744347260839715474e+00 6.604512015396529767e-01 -4.242824559789146743e-01 5.447073936730603139e-01 7.862163789454283958e-01 -5.959913620548250579e-01
-8.672551828146981556e-01 -1.549427669622368275e-01 -4.976811240076082221e-01 7.846544139371465221e-01 -1.019992627027091370e+00 8.886885975706056984e-01 -5.666284009095540197e-01 -2.305103192838769743e+00 -1.445068629956435258e+00 -9.242765541502192539e-01
-1.266253341956681044e+00 -1.348235256381602187e-01 -1.435856481262679729e+00 3.383224320199323953e-01 6.629518604182483843e-01 2.685674035904190848e+00 -8.004342496960956677e-01 7.748234834559995787e-02 -1.405438529673692871e+00 -1.443940568339046271e+00
1.150715900430557603e+00 -1.402070664266287237e+00 -5.052594115252044549e-02 1.196140967382944009e-01 -3.767035796536770675e-01 -2.510333610482048394e-01 -1.320451607911967029e+00 -1.237168231104586624e+00 7.895166582596043758e-01 1.389048569436883707e+00
-5.746979505342930672e-01 -5.860972507893312811e-01 1.574672116906318531e-01 2.331868337495147658e-01 7.900202363988345633e-01 5.401880785032122656e-01 2.737595495840384752e-01 -3.594085994708612897e-01 1.854156868348470155e+00 1.255514147062502861e+00
-2.449019972579905335e+00 3.263700194652056075e-01 -1.768719683973446255e+00 -1.382609621989324467e+00 3.167447578421977439e-01 1.056226678512282691e+00 2.349069917267807117e+00 -4.398354529726220680e-02 4.267239664925984721e-01 -1.497494131002216289e+00
-5.935340427407217456e-01 -1.320346590416307642e+00 3.730865676636011541e-01 3.894468308358683961e-01 -4.865351348466909753e-01 -1.268286371407616242e+00 5.033184080944363981e-01 1.222820751350437884e+00 3.721158455413450805e-01 -1.612679007995536651e+00
6.060822389931010828e-02 3.490953841932979973e-01 -7.812240972497439540e-01 7.611577765134154294e-01 -5.832330532431601045e-01 -6.328936522179798851e-01 1.223134798476537555e-01 -2.108488723861292324e-01 -4.823455807187401190e-01 -1.390522177265675952e+00
2.959810393009211782e-01 -1.237485501128369858e+00 1.411650570074980626e+00 1.064870617517951756e-01 -4.170595850578599495e-01 -1.050921243708079045e+00 1.339776793725683701e+00 -1.171326614413257250e+00 -6.448618793981262254e-01 1.034484100043685934e-01
4.976979732306582860e-02 1.477673534030098379e+00 1.387951785733567978e-01 -4.221680370254778936e-01 2.258647880430133092e+00 3.924543132656882483e-01 -8.333819983475647675e-01 5.622058312114627254e-01 -9.899070246446880494e-01 -1.566838980143832050e+00
